% Con rayleigh 
z = [   -0.1601 + 0.0393i
  -0.5070 - 0.7362i
   0.3914 - 0.3686i
   0.6034 + 0.7558i
   0.3430 + 0.5174i
   0.6034 + 0.7558i
   0.3914 - 0.3686i
  -0.5070 - 0.7362i
  -0.0872 + 0.4302i
   0.7536 - 0.4807i
  -0.2170 - 0.4919i
  -0.8501 + 0.4611i
  -0.5174 + 0.3430i
  -0.8501 + 0.4612i
  -0.2170 - 0.4919i
   0.7582 - 0.5075i
   0.0576 + 0.4018i
  -0.4769 - 0.6526i
   0.2373 - 0.3268i
   0.5026 + 0.7737i
   0.1889 + 0.5592i
   0.6336 + 0.8392i
   0.5362 - 0.3970i
  -0.5665 - 0.7776i
  -0.0638 + 0.5760i
   0.8424 - 0.4813i
  -0.2311 - 0.6510i
  -0.8680 + 0.3603i
  -0.5314 + 0.1839i
  -0.7612 + 0.4607i
  -0.1938 - 0.3460i
   0.6941 - 0.5223i
   0.0578 + 0.4018i
  -0.4770 - 0.6525i
   0.2371 - 0.3269i
   0.5026 + 0.7736i
   0.1889 + 0.5591i
   0.6337 + 0.8392i
   0.5363 - 0.3971i
  -0.5666 - 0.7776i
  -0.0638 + 0.5761i
   0.8423 - 0.4813i
  -0.2311 - 0.6510i
  -0.8679 + 0.3603i
  -0.5313 + 0.1839i
  -0.7610 + 0.4608i
  -0.1938 - 0.3459i
   0.6940 - 0.5224i
   0.0579 + 0.4018i
  -0.4770 - 0.6524i
   0.2369 - 0.3269i
   0.5025 + 0.7735i
   0.1888 + 0.5590i
   0.6337 + 0.8391i
   0.5363 - 0.3971i
  -0.5667 - 0.7775i
  -0.0638 + 0.5762i
   0.8423 - 0.4814i
  -0.2311 - 0.6511i
  -0.8678 + 0.3603i
  -0.5312 + 0.1838i
  -0.7609 + 0.4609i
  -0.1939 - 0.3457i
   0.6939 - 0.5225i
   0.0581 + 0.4018i
  -0.4771 - 0.6522i
   0.2368 - 0.3269i
   0.5025 + 0.7734i
   0.1887 + 0.5590i
   0.6338 + 0.8391i
   0.4924 - 0.3929i
  -0.6723 - 0.9922i
   0.0543 + 0.4940i
   0.9726 - 0.2578i
  -0.1605 - 0.5008i
  -0.7374 + 0.5839i
  -0.4131 + 0.1015i
  -0.8663 + 0.2463i
  -0.2339 - 0.2351i
   0.9121 - 0.6204i
   0.0200 + 0.2631i
  -0.7202 - 0.5632i
   0.0862 - 0.2564i
   0.2595 + 0.8621i
   0.1504 + 0.4202i
   0.8521 + 0.7413i
   0.4965 - 0.2866i
  -0.6723 - 0.9922i
   0.0543 + 0.4941i
   0.9725 - 0.2578i
  -0.1605 - 0.5009i
  -0.7374 + 0.5839i
  -0.4130 + 0.1014i
  -0.8661 + 0.2464i
  -0.2340 - 0.2350i
   0.9119 - 0.6205i
   0.0202 + 0.2632i
  -0.7203 - 0.5631i
   0.0861 - 0.2565i
   0.2595 + 0.8620i
   0.1504 + 0.4201i
   0.8522 + 0.7413i
   0.4966 - 0.2866i
  -0.6724 - 0.9921i
   0.0543 + 0.4942i
   0.9725 - 0.2579i
  -0.1605 - 0.5009i
  -0.7373 + 0.5839i
  -0.4129 + 0.1014i
  -0.8659 + 0.2465i
  -0.2340 - 0.2349i
   0.9118 - 0.6206i
   0.0203 + 0.2632i
  -0.7203 - 0.5630i
   0.0860 - 0.2565i
   0.2595 + 0.8618i
   0.1503 + 0.4201i
   0.8522 + 0.7413i
   0.4966 - 0.2866i
  -0.6724 - 0.9921i
   0.0543 + 0.4943i
   0.9724 - 0.2580i
  -0.1606 - 0.5010i
  -0.7373 + 0.5839i
  -0.4128 + 0.1014i
  -0.8658 + 0.2466i
  -0.2341 - 0.2348i
   0.9117 - 0.6206i
   0.0205 + 0.2633i
  -0.7203 - 0.5629i
   0.0858 - 0.2566i
   0.2595 + 0.8617i
   0.1503 + 0.4200i
   0.8522 + 0.7413i
   0.4967 - 0.2867i
  -0.6725 - 0.9920i
   0.0543 + 0.4945i
   0.9723 - 0.2580i
  -0.1606 - 0.5011i
  -0.7372 + 0.5839i
  -0.4128 + 0.1013i
  -0.8656 + 0.2468i
  -0.2342 - 0.2347i
   0.9116 - 0.6207i
   0.0207 + 0.2633i
  -0.7204 - 0.5628i
   0.0857 - 0.2567i
   0.2596 + 0.8615i
   0.1502 + 0.4200i
   0.8522 + 0.7413i
   0.4967 - 0.2867i
  -0.6725 - 0.9919i
   0.0543 + 0.4946i
   0.9723 - 0.2581i
  -0.1606 - 0.5012i
  -0.7372 + 0.5838i
  -0.4127 + 0.1013i
  -0.8654 + 0.2469i
  -0.2343 - 0.2346i
   0.9114 - 0.6208i
  -0.2275 - 0.3907i
   0.3815 - 0.1226i
   0.6319 + 0.2322i
  -0.0406 - 0.8396i
   0.0984 - 0.3135i
   0.1125 + 0.6847i
  -0.4847 - 0.5567i
  -0.7131 - 0.8794i
  -0.8376 + 0.4310i
  -0.1140 - 0.0126i
   0.2883 - 0.6521i
   0.4512 + 0.4600i
   0.9302 - 0.1251i
  -0.1395 - 1.1959i
  -0.0096 - 0.2111i
   0.9649 - 0.2934i
  -0.1506 + 0.5561i
   0.0985 + 0.9085i
   0.7922 - 0.5464i
  -0.0942 + 0.5329i
  -0.3728 + 0.1502i
  -0.4222 - 0.7366i
  -0.5509 + 0.5034i
   0.1264 - 0.1035i
   0.3948 + 0.5276i
  -0.5273 + 0.4828i
  -0.7436 - 0.2615i
  -0.2124 + 1.0050i
   0.5111 - 0.0209i
   0.7924 + 0.0527i
  -0.5378 + 0.8645i
  -0.5582 + 0.2660i
   0.4128 + 0.7578i
   0.4699 - 0.2163i
   0.5549 - 0.1265i
  -0.3847 + 0.8818i
   0.0261 + 0.0054i
   0.9109 - 0.2159i
  -0.2180 - 0.7277i
   0.2354 - 0.8360i
   0.6495 + 0.2444i
   0.4228 + 0.4551i
   0.6371 - 0.3591i
  -0.1328 - 0.6871i
   0.4471 - 0.0529i
   0.1324 - 0.0559i
  -1.0440 + 0.4499i
   0.5136 + 0.5872i
   0.5753 + 0.1112i
  -0.6798 + 0.7938i
  -0.7077 - 0.1771i
  -1.1281 - 0.4320i
  -0.2990 + 0.7768i
   0.5365 + 0.3848i
  -0.6589 + 0.1851i
  -0.2964 - 0.5656i
   0.7748 - 0.8367i
  -0.2112 - 0.3957i
  -0.1295 - 0.6155i
   0.8103 + 0.4380i
  -0.2567 + 0.1309i
  -1.1011 - 0.4827i
  -0.4232 + 1.0484i
  -0.3414 + 0.4173i
  -0.6815 - 1.1179i
   0.4071 - 0.2616i
   0.9197 + 0.0926i
  -0.0481 - 0.9440i
   0.1738 - 0.3573i
   0.1336 + 0.4992i
  -0.6037 - 0.6977i
  -0.3117 - 0.5170i
  -0.5973 + 0.4304i
  -0.0707 - 0.4755i
   0.2481 - 0.5916i
   0.2684 + 0.4570i
   0.7746 - 0.2206i
  -0.3662 - 1.2667i
  -0.2985 - 0.5156i
   0.7845 - 0.2656i
  -0.0258 + 0.5343i
   0.4175 + 0.9226i
   1.1559 - 0.5530i
   0.1549 + 0.1802i
  -0.3143 + 0.1652i
  -0.4513 - 0.6535i
  -0.5646 + 0.5431i
   0.3164 + 0.3082i
   0.5224 + 0.4500i
  -0.6365 + 0.3671i
  -0.8912 - 0.3267i
  -0.5243 + 0.5947i
   0.2065 + 0.1509i
   0.9451 + 0.3509i
  -0.4654 + 0.9336i
  -0.9787 + 0.3821i
   0.2728 + 0.7501i
   0.6150 - 0.1399i
   0.7665 - 0.1842i
   0.0675 + 0.8877i
  -0.0863 + 0.2937i
   0.4925 - 0.0354i
  -0.0592 - 0.5829i
   0.5324 - 0.7221i
   0.7436 + 0.3059i
   0.2322 + 0.4527i
   0.5369 - 0.4541i
  -0.0743 - 0.8796i
   0.3308 - 0.2009i
   0.3817 + 0.0144i
  -0.8868 + 0.4790i
   0.3294 + 0.7745i
   0.8017 + 0.1636i
  -0.4642 + 0.4462i
  -0.4435 - 0.2523i
  -0.8163 - 0.4359i
  -0.5402 + 1.0015i
   0.4167 + 0.6739i
  -0.4691 + 0.1298i
  -0.3240 - 0.2157i
   0.5485 - 0.8182i
  -0.5481 - 0.7829i
  -0.2877 - 0.5606i
   0.7104 + 0.3388i
  -0.5533 + 0.1767i
  -1.0032 - 0.3770i
  -0.1638 + 0.7657i
  -0.6255 + 0.3035i
  -0.7075 - 1.2027i
   0.8280 - 0.2844i
   0.9804 + 0.0582i
  -0.0640 - 1.0949i
   0.1088 + 0.0115i
  -0.2337 + 0.6910i
  -0.6434 - 0.8798i
  -0.3120 - 0.5161i
  -0.5969 + 0.4310i
  -0.0704 - 0.4750i
   0.2474 - 0.5914i
   0.2685 + 0.4565i
   0.7751 - 0.2211i
  -0.3666 - 1.2669i
  -0.2985 - 0.5160i
   0.7849 - 0.2657i
  -0.0256 + 0.5348i
   0.4173 + 0.9226i
   1.1555 - 0.5528i
   0.1551 + 0.1804i
  -0.3142 + 0.1650i
  -0.4512 - 0.6529i
  -0.5640 + 0.5433i
   0.3165 + 0.3075i
   0.5227 + 0.4500i
  -0.6363 + 0.3676i
  -0.8915 - 0.3265i
  -0.5241 + 0.5950i
   0.2069 + 0.1509i
   0.9452 + 0.3507i
  -0.4654 + 0.9338i
  -0.9784 + 0.3820i
   0.0395 + 0.0189i
  -0.1545 - 0.3011i
   0.6010 - 1.1905i
   0.2873 - 0.3814i
  -0.1530 - 0.2100i
   0.1095 + 0.3057i
   0.6677 + 1.0700i
   0.3218 - 0.0976i
   0.1411 + 0.0956i
   0.6014 - 0.2928i
   0.4444 - 0.6841i
   0.2608 + 0.1961i
  -0.1911 - 0.0437i
   0.0884 - 0.0761i
   0.0153 - 0.2431i
  -0.4856 + 0.0087i
   0.4107 + 0.1154i
   0.1822 - 0.5703i
  -0.0264 - 0.1317i
   0.2872 + 0.1610i
  -0.2464 + 0.0485i
   0.0196 + 0.3635i
  -0.6868 + 0.3526i
  -0.7702 + 0.4418i
   0.1792 + 0.0565i
  -0.2261 + 0.1941i
   0.3905 + 1.0780i
   0.2199 + 0.5455i
  -0.4105 - 0.2893i
  -0.3926 - 0.1573i
  -1.0692 - 0.1375i
  -0.6475 - 0.5561i
  -0.5784 - 0.2972i
  -0.0436 + 0.8490i
   0.1204 + 1.1169i
  -1.2683 + 0.0001i
  -0.3001 - 0.4970i
   0.1362 - 0.0867i
   0.0485 - 0.1676i
   0.4937 - 0.0265i
  -0.0449 + 0.0336i
   1.3581 - 0.5462i
   1.0252 - 0.2401i
  -0.5162 - 0.0169i
   0.3530 - 0.3496i
  -0.7692 + 0.4796i
  -0.9130 + 0.6630i
   1.0236 - 1.2606i
  -0.6026 - 1.1316i
  -1.5230 + 0.6054i
   1.1711 - 0.5128i
   1.2190 - 0.5716i
  -0.2521 + 0.2959i
   0.1720 - 0.5357i
  -0.6482 + 1.0700i
  -0.7408 + 1.3316i
   0.2919 - 0.1621i
  -0.1620 + 0.5896i
   0.1040 + 0.2621i
